892.852    306.465    14.7394
10    306.465    14.739    0.0    3.000
30    306.475    14.728    0.0    3.000
50    306.494    14.710    0.0    3.000
100    306.604    14.615    0.0    4.725
200    307.017    14.318    0.0    6.175
250    307.128    14.231    0.0    6.900
300    307.197    14.161    0.4133    9.126
375    307.327    14.034    1.0333    10.327
400    307.367    14.003    1.24    10.62
500    307.512    13.912    2.0666    11.521
600    307.670    13.797    2.8933    12.145
625    307.720    13.761    3.1000    12.269
700    307.875    13.652    3.7200    12.582
750    307.971    13.573    4.1333    12.745
800    308.066    13.504    4.5467    12.876
850    308.171    13.435    4.9600    12.975
900    308.335    13.324    5.3733    13.045
950    308.473    13.198    5.7867    13.086
1000    308.727    13.039    6.2    13.1
1100    309.170    12.500    6.6    13.1
1200    309.497    12.000    7.0    13.1
1250    309.811    11.720    7.2    13.1
1500    310.963    10.000    8.2    13.1
1750    311.917    9.000    9.2    13.1
2000    312.922    8.256    10.2    13.1
2250    313.499    7.511    11.2    13.1
2500    314.120    6.767    12.2    13.1
2750    314.585    6.023    13.2    13.1
3000    314.977    5.279    14.2    13.1
3250    315.409    2.034    14.2    13.1
3500    315.801    1.290    14.2    13.1
3750    316.467    0.830    14.2    13.1
4000    317.350    1.617    14.2    13.1
4250    318.241    1.197    14.2    13.1
4500    318.993    0.993    14.2    13.1
4750    319.791    0.715    14.2    13.1
5000    320.647    0.630    14.2    13.1
5250    321.561    0.617    14.2    13.1
5500    322.497    0.486    14.2    13.1
5750    323.405    0.282    14.2    13.1
6000    324.438    1.069    14.2    13.1
6250    325.579    0.964    14.2    13.1
6500    326.831    0.787    14.2    13.1
6750    327.976    0.592    14.2    13.1
7000    328.848    0.482    14.2    13.1
7250    329.528    0.398    14.2    13.1
7500    330.240    0.365    14.2    13.1
7750    330.937    0.334    14.2    13.1
8000    331.543    0.306    14.2    13.1
8250    332.318    0.270    14.2    13.1
8500    333.058    0.252    14.2    13.1
8750    333.440    0.232    14.2    13.1
9000    334.018    0.155    14.2    13.1
9250    334.693    0.130    14.2    13.1
9500    335.453    0.125    14.2    13.1
9750    336.096    0.116    14.2    13.1
10000    336.908    0.099    14.2    13.1
10250    337.767    0.083    14.2    13.1
10500    338.606    0.073    14.2    13.1
10750    340.834    0.070    14.2    13.1
11000    342.445    0.061    14.2    13.1
11250    342.665    0.043    14.2    13.1
11500    342.900    0.029    14.2    13.1
11750    343.100    0.019    14.2    13.1
12000    344.000    0.012    14.2    13.1
12250    346.665    0.010    14.2    13.1
12500    351.665    0.010    14.2    13.1
12750    356.665    0.010    14.2    13.1
13000    361.665    0.010    14.2    13.1
13500    371.665    0.010    14.2    13.1
14000    381.665    0.010    14.2    13.1
14500    391.665    0.010    14.2    13.1
15000    401.665    0.010    14.2    13.1
15500    411.665    0.010    14.2    13.1
16000    421.665    0.010    14.2    13.1
16500    431.665    0.010    14.2    13.1
17000    441.665    0.010    14.2    13.1
17500    451.665    0.010    14.2    13.1
18000    461.665    0.009    14.2    13.1
19000    481.665    0.009    14.2    13.1